5
50
++++++++++++++++++++++++++++++++++++++++++++++++++
++++++++++++++++++++++++++++++++++++++++++++++++++
++++++++++++++++++++++++++++++++++++++++++++++++++
++++++++++++++++++++++++++++++++++++++++++++++++++
++++++++++++++++++++++++++++++++++++++++++++++++++
++++++++++++++++++++++++++++++++++++++++++++++++++
++++++++++++++++++++++++++++++++++++++++++++++++++
++++++++++++++++++++++++++++++++++++++++++++++++++
++++++++++++++++++++++++++++++++++++++++++++++++++
++++++++++++++++++++++++++++++++++++++++++++++++++
++++++++++++++++++++++++++++++++++++++++++++++++++
++++++++++++++++++++++++++++++++++++++++++++++++++
++++++++++++++++++++++++++++++++++++++++++++++++++
++++++++++++++++++++++++++++++++++++++++++++++++++
++++++++++++++++++++X+++++++++++++++++++++++++++++
++++++++++++++++++X+X+++++++++++++++++++++++++++++
+++++++++++++++++++XX+++++++++++++++++++++++++++++
++++++++++++++++++++++++++++++++++++++++++++++++++
++++++++++++++++++++++++++++++++++++++++++++++++++
++++++++++++++++++++++++++++++++++++++++++++++++++

1 7 2 6 3 6 4 7
2 6 3 6 3 7 4 8
2 7 2 8 3 6 3 9
2 7 2 8 3 8 4 9
2 8 3 7 4 7 5 8
3 7 4 7 4 8 5 9
3 8 3 9 4 7 4 10
3 8 3 9 4 9 5 10
3 9 4 8 5 8 6 9
4 8 5 8 5 9 6 10
4 9 4 10 5 8 5 11
4 9 4 10 5 10 6 11
4 10 5 9 6 9 7 10
5 9 6 9 6 10 7 11
5 10 5 11 6 9 6 12
5 10 5 11 6 11 7 12
5 11 6 10 7 10 8 11
6 10 7 10 7 11 8 12
6 11 6 12 7 10 7 13
6 11 6 12 7 12 8 13
6 12 7 11 8 11 9 12
7 11 8 11 8 12 9 13
7 12 7 13 8 11 8 14
7 12 7 13 8 13 9 14
7 13 8 12 9 12 10 13
8 12 9 12 9 13 10 14
8 13 8 14 9 12 9 15
8 13 8 14 9 14 10 15
8 14 9 13 10 13 11 14
9 13 10 13 10 14 11 15
9 14 9 15 10 13 10 16
9 14 9 15 10 15 11 16
9 15 10 14 11 14 12 15
10 14 11 14 11 15 12 16
10 15 10 16 11 14 11 17
10 15 10 16 11 16 12 17
10 16 11 15 12 15 13 16
11 15 12 15 12 16 13 17
11 16 11 17 12 15 12 18
11 16 11 17 12 17 13 18
11 17 12 16 13 16 14 17
12 16 13 16 13 17 14 18
12 17 12 18 13 16 13 19
12 17 12 18 13 18 14 19
12 18 13 17 14 17 15 18
13 17 14 17 14 18 15 19
13 18 13 19 14 17 14 20
13 18 13 19 14 19 15 20
13 19 14 18 15 18 16 19
14 18 15 18 15 19 16 20